10000
00010
01000
00001
10000
00010
01000
00001
00010
01000
10000
01000
00100
00010
00001
00010
01000
10000
01000
00100
00010
00001
00001
00010
00100
01000
10000
01000
01000
00100
00100
00010
00010
00001
00001
10000
00001
01000
00010
10000
10000
01000
01000
00100
00100
00010
00010
00001
00001
00010
00010
00100
00100
01000
01000
10000
10000
00100
01000
10000
00010
00001
00100
10000
00001
00100
01000
10000
00100
00010
00001
00100
01000
10000
00100
00010
00001
00100
10000
00001
01000
00010
10000
01000
00010
00001
00010
01000
10000
00100
00100
00100
10000
00001
01000
00010
00100
10000
01000
00100
00010
00001
00010
00100
01000
10000
01000
00100
01000
10000
01000
10000
01000
00100
00010
00001
00010
00001
00010
00001
00100
01000
10000
00100
00010
00001
00100
10000
00001
01000
00010
00100
10000
01000
00100
10000
01000
00100
00010
00001
00010
00001
00010
00001
00100
01000
10000
01000
10000
00100
00010
00001
00010
00001
00010
00100
01000
10000
01000
00100
00010
00001
00010
00100
01000
10000
00100
01000
10000
00010
00001
00100
10000
01000
00100
00010
00001
00010
00100
01000
10000
01000
00001
10000
00010
00100
10000
00001
01000
00010
00100
10000
01000
00100
00010
00001
00010
00100
01000
10000
00100
01000
00010
10000
00001
01000
00010
00000
00000
00000
00000
00000
00000
00000
00000
